% -------------------------------------------------------------------
%  Generated by MATLAB on 18-Feb-2023 16:10:16
%  MATLAB version: 9.13.0.2049777 (R2022b)
% -------------------------------------------------------------------
                                 

opt_cooef = [51615.043463676346 -0.10108641569407725 0.12944941094690648 ...
             0.56368699337292383 0.028579201156414144 0.014875566842945196 ...
             0.65359358493784514 -0.003066205125677251];

