% -------------------------------------------------------------------
%  Generated by MATLAB on 20-Feb-2023 13:54:51
%  MATLAB version: 9.13.0.2049777 (R2022b)
% -------------------------------------------------------------------
                              

opt_cooef = [89403.999090953876 0.20599494657613396 -0.11557025866685769 ...
             -0.15962209667753074 0.70915464496072111 4.6041487744336607 ...
             0.47814755491954941 -0.00053773762753318779];

